0 0.6956591308116913 0.40004025399684906 0.6927890181541443 0.5680429339408875 0.706242561340332 0.5699171423912048 0.6793354749679565 0.5661687254905701 0.706242561340332 0.5699171423912048 0.7040627598762512 0.7022267580032349 0.7171106934547424 0.8327821493148804 0.6793354749679565 0.5661687254905701 0.6865435242652893 0.6911975741386414 0.6945532560348511 0.7930225133895874
1 0.6957473158836365 0.39943914115428925 0.6922146379947662 0.5672414004802704 0.7056964039802551 0.5691118240356445 0.6787328720092773 0.5653709769248962 0.7056964039802551 0.5691118240356445 0.704161524772644 0.7001345157623291 0.7177426815032959 0.8290638327598572 0.6787328720092773 0.5653709769248962 0.686725378036499 0.6906697750091553 0.6950178146362305 0.7896216511726379
2 0.6957176029682159 0.3989012688398361 0.6913820505142212 0.5662634074687958 0.7048407793045044 0.5679076910018921 0.677923321723938 0.5646191239356995 0.7048407793045044 0.5679076910018921 0.7041311860084534 0.7001716494560242 0.7177882790565491 0.8280326724052429 0.677923321723938 0.5646191239356995 0.6872007846832275 0.6907861828804016 0.6956649422645569 0.7892165184020996
3 0.6953268647193909 0.3983587324619293 0.6907457411289215 0.5664308965206146 0.7041884660720825 0.5681316256523132 0.6773030161857605 0.564730167388916 0.7041884660720825 0.5681316256523132 0.7031369805335999 0.7002028822898865 0.7177547216415405 0.8273777365684509 0.6773030161857605 0.564730167388916 0.6872422099113464 0.6913235783576965 0.6959615349769592 0.7891353964805603
4 0.6946058571338654 0.39789092540740967 0.690315306186676 0.5680074095726013 0.7036749124526978 0.5699450373649597 0.6769556999206543 0.5660697817802429 0.7036749124526978 0.5699450373649597 0.700893759727478 0.7001326084136963 0.7172427177429199 0.8250398635864258 0.6769556999206543 0.5660697817802429 0.6872091293334961 0.691580057144165 0.6967068910598755 0.7892357110977173
5 0.6933589279651642 0.3980785608291626 0.6896525025367737 0.5685603320598602 0.7030311226844788 0.5702757835388184 0.6762738823890686 0.5668448805809021 0.7030311226844788 0.5702757835388184 0.6986449956893921 0.6995911002159119 0.715015172958374 0.8222329020500183 0.6762738823890686 0.5668448805809021 0.6865075826644897 0.6919018030166626 0.6973311901092529 0.7901661396026611
6 0.6919461190700531 0.39815521240234375 0.688094288110733 0.5699814558029175 0.701417088508606 0.5716700553894043 0.6747714877128601 0.5682928562164307 0.701417088508606 0.5716700553894043 0.6964201331138611 0.7007735967636108 0.7111119627952576 0.8221517205238342 0.6747714877128601 0.5682928562164307 0.6850630044937134 0.6932408809661865 0.6967785358428955 0.7907837629318237
7 0.6906654834747314 0.39793825149536133 0.6864308416843414 0.570631355047226 0.6991459131240845 0.5725906491279602 0.6737157702445984 0.5686720609664917 0.6991459131240845 0.5725906491279602 0.6943873167037964 0.7014678716659546 0.7069860100746155 0.8213265538215637 0.6737157702445984 0.5686720609664917 0.684069037437439 0.6932654976844788 0.6951561570167542 0.7911638617515564
8 0.6889592409133911 0.3978324234485626 0.6853343844413757 0.5705829858779907 0.6977757811546326 0.5725358128547668 0.6728929877281189 0.5686301589012146 0.6977757811546326 0.5725358128547668 0.691046953201294 0.7012925148010254 0.7028740644454956 0.8192933201789856 0.6728929877281189 0.5686301589012146 0.6828002333641052 0.692850649356842 0.6936413645744324 0.7906622290611267
9 0.6871443390846252 0.3980371952056885 0.6840433180332184 0.5702075660228729 0.6962417364120483 0.5720185041427612 0.6718448996543884 0.5683966279029846 0.6962417364120483 0.5720185041427612 0.6863833665847778 0.6998438239097595 0.6984586715698242 0.8163677453994751 0.6718448996543884 0.5683966279029846 0.6811314225196838 0.6919358968734741 0.6933714747428894 0.7906782627105713
10 0.6854987144470215 0.3978646844625473 0.682176411151886 0.5689177215099335 0.6941426992416382 0.5706427097320557 0.6702101230621338 0.5671927332878113 0.6941426992416382 0.5706427097320557 0.6828184723854065 0.6949981451034546 0.6952089667320251 0.8119232058525085 0.6702101230621338 0.5671927332878113 0.6793274283409119 0.6874358654022217 0.6924868822097778 0.7896361351013184
11 0.6841124296188354 0.3977891355752945 0.6812777817249298 0.5673283934593201 0.6931678652763367 0.5683324337005615 0.669387698173523 0.5663243532180786 0.6931678652763367 0.5683324337005615 0.6782054901123047 0.6888811588287354 0.6908366084098816 0.8093462586402893 0.669387698173523 0.5663243532180786 0.6782456636428833 0.6827493906021118 0.6917303800582886 0.789669394493103
12 0.6827598512172699 0.39792031049728394 0.6808499395847321 0.5644651055335999 0.6926050782203674 0.5642762780189514 0.6690948009490967 0.5646539330482483 0.6926050782203674 0.5642762780189514 0.6734097599983215 0.6826433539390564 0.6828872561454773 0.8071345090866089 0.6690948009490967 0.5646539330482483 0.6773480176925659 0.6786032915115356 0.6925903558731079 0.7864692807197571
13 0.6811418235301971 0.39869484305381775 0.6804084479808807 0.5627900958061218 0.6925883293151855 0.5616777539253235 0.6682285666465759 0.5639024376869202 0.6925883293151855 0.5616777539253235 0.6681845188140869 0.6781625151634216 0.6742245554924011 0.8080840110778809 0.6682285666465759 0.5639024376869202 0.677207887172699 0.6779703497886658 0.6970450282096863 0.7858587503433228
14 0.6794207990169525 0.3988485187292099 0.6786852777004242 0.5618723034858704 0.6908779740333557 0.5604941248893738 0.6664925813674927 0.5632504820823669 0.6908779740333557 0.5604941248893738 0.6629376411437988 0.6779226660728455 0.6609389781951904 0.8091109395027161 0.6664925813674927 0.5632504820823669 0.677333652973175 0.677699089050293 0.698559045791626 0.7849342226982117
15 0.6778045892715454 0.3993307948112488 0.6770036518573761 0.5614456236362457 0.6892525553703308 0.5600074529647827 0.6647547483444214 0.5628837943077087 0.6892525553703308 0.5600074529647827 0.659751296043396 0.6764796376228333 0.6523497104644775 0.8094147443771362 0.6647547483444214 0.5628837943077087 0.676366925239563 0.6765069961547852 0.6985887289047241 0.7850614786148071
16 0.6759314239025116 0.39943526685237885 0.6739862561225891 0.5613870322704315 0.6856234073638916 0.5602030754089355 0.6623491048812866 0.5625709891319275 0.6856234073638916 0.5602030754089355 0.6562529802322388 0.6782159805297852 0.6458536982536316 0.8087911605834961 0.6623491048812866 0.5625709891319275 0.6761299967765808 0.6760234832763672 0.6988141536712646 0.7850050330162048
17 0.673930287361145 0.3997191786766052 0.671986848115921 0.5611605048179626 0.6829615235328674 0.5603808760643005 0.6610121726989746 0.5619401335716248 0.6829615235328674 0.5603808760643005 0.6529867649078369 0.6776821613311768 0.6403072476387024 0.8050253987312317 0.6610121726989746 0.5619401335716248 0.6753676533699036 0.6735502481460571 0.6989339590072632 0.7850819230079651
18 0.6713789105415344 0.39994797110557556 0.6705826222896576 0.560805469751358 0.6810086369514465 0.5601584315299988 0.6601566076278687 0.5614525079727173 0.6810086369514465 0.5601584315299988 0.6496503949165344 0.6762158870697021 0.6352036595344543 0.8027584552764893 0.6601566076278687 0.5614525079727173 0.6755131483078003 0.6720361709594727 0.6988643407821655 0.7856614589691162
19 0.6688768863677979 0.4004644453525543 0.6691122949123383 0.5610881745815277 0.6785982847213745 0.560553252696991 0.659626305103302 0.5616230964660645 0.6785982847213745 0.560553252696991 0.6454931497573853 0.6764170527458191 0.6308426856994629 0.7998436093330383 0.659626305103302 0.5616230964660645 0.6751970052719116 0.6729180812835693 0.6987859010696411 0.786392867565155
20 0.6658316254615784 0.4015369415283203 0.6673079431056976 0.5616649687290192 0.6763909459114075 0.5611935257911682 0.6582249402999878 0.5621364116668701 0.6763909459114075 0.5611935257911682 0.6437815427780151 0.6744829416275024 0.6262968182563782 0.7974385023117065 0.6582249402999878 0.5621364116668701 0.6741368770599365 0.6734684705734253 0.6987152099609375 0.7865086197853088
21 0.6631485521793365 0.4021650403738022 0.6643873453140259 0.5620676875114441 0.6726427674293518 0.5617428421974182 0.6561319231987 0.56239253282547 0.6726427674293518 0.5617428421974182 0.6403865218162537 0.675212025642395 0.622631311416626 0.7967768907546997 0.6561319231987 0.56239253282547 0.6731765270233154 0.6737716197967529 0.6986737847328186 0.7864475846290588
22 0.6601315140724182 0.40278516709804535 0.6607794761657715 0.5620967745780945 0.6687864661216736 0.5617769956588745 0.6527724862098694 0.5624165534973145 0.6687864661216736 0.5617769956588745 0.6379819512367249 0.6745457053184509 0.621353805065155 0.795677125453949 0.6527724862098694 0.5624165534973145 0.6712549924850464 0.673849880695343 0.6985393762588501 0.7862843871116638
23 0.6572263836860657 0.4034486562013626 0.6570649743080139 0.5621272027492523 0.6646400690078735 0.5618389844894409 0.6494898796081543 0.5624154210090637 0.6646400690078735 0.5618389844894409 0.635169506072998 0.6749778389930725 0.6225318908691406 0.7946019768714905 0.6494898796081543 0.5624154210090637 0.6684134602546692 0.674467146396637 0.6981509923934937 0.7861306667327881
24 0.6542381942272186 0.4042108952999115 0.6542781889438629 0.561504453420639 0.6618743538856506 0.5616563558578491 0.6466820240020752 0.561352550983429 0.6618743538856506 0.5616563558578491 0.6340487003326416 0.6746675372123718 0.6247335076332092 0.7943944334983826 0.6466820240020752 0.561352550983429 0.6641014814376831 0.6741877794265747 0.6975189447402954 0.7839373350143433
25 0.6507574915885925 0.4032302647829056 0.651404619216919 0.5604180097579956 0.6580629348754883 0.5609689354896545 0.6447463035583496 0.5598670840263367 0.6580629348754883 0.5609689354896545 0.6315062046051025 0.6731585264205933 0.6250522136688232 0.7945138812065125 0.6447463035583496 0.5598670840263367 0.659716010093689 0.6725707650184631 0.6958771347999573 0.7795725464820862
26 0.6481369733810425 0.40237514674663544 0.6485929489135742 0.5592114925384521 0.6550458073616028 0.5601999759674072 0.6421400904655457 0.5582230091094971 0.6550458073616028 0.5601999759674072 0.6302508115768433 0.6728359460830688 0.6250444650650024 0.7939573526382446 0.6421400904655457 0.5582230091094971 0.6556991338729858 0.6713793277740479 0.692928671836853 0.7759018540382385
27 0.6449223458766937 0.4017780125141144 0.64570552110672 0.557238906621933 0.6506933569908142 0.5591450929641724 0.6407176852226257 0.5553327202796936 0.6506933569908142 0.5591450929641724 0.6295629739761353 0.6719226241111755 0.6257036924362183 0.7936164736747742 0.6407176852226257 0.5553327202796936 0.649743378162384 0.6692512631416321 0.6891058683395386 0.7708061933517456
28 0.6417265832424164 0.40082769095897675 0.6446739733219147 0.5545182228088379 0.646653413772583 0.5566515326499939 0.6426945328712463 0.5523849129676819 0.646653413772583 0.5566515326499939 0.6295913457870483 0.6721731424331665 0.6262767910957336 0.7934694886207581 0.6426945328712463 0.5523849129676819 0.6433185935020447 0.6672675013542175 0.6847057342529297 0.7637905478477478
29 0.6384056210517883 0.39927034080028534 0.6408222019672394 0.5523752272129059 0.6425241827964783 0.5550395250320435 0.6391202211380005 0.5497109293937683 0.6425241827964783 0.5550395250320435 0.6294273734092712 0.6723049283027649 0.6267556548118591 0.7924866676330566 0.6391202211380005 0.5497109293937683 0.6374286413192749 0.6659659147262573 0.6779471635818481 0.7575240135192871
30 0.6351816654205322 0.3988255560398102 0.6363030970096588 0.5522063672542572 0.6373535394668579 0.5551621317863464 0.6352526545524597 0.549250602722168 0.6373535394668579 0.5551621317863464 0.6274278163909912 0.6741667985916138 0.6265431642532349 0.7927830219268799 0.6352526545524597 0.549250602722168 0.6334072351455688 0.6647418141365051 0.6690696477890015 0.7516216039657593
31 0.6338708400726318 0.3990720510482788 0.6315547525882721 0.5534032583236694 0.6363717317581177 0.5566362738609314 0.6267377734184265 0.5501702427864075 0.6363717317581177 0.5566362738609314 0.6233344674110413 0.6770846247673035 0.626745343208313 0.7931167483329773 0.6267377734184265 0.5501702427864075 0.62729412317276 0.6660687923431396 0.6596255898475647 0.7525943517684937
32 0.6315083801746368 0.39787566661834717 0.6288084089756012 0.5544385015964508 0.6318491697311401 0.5578635931015015 0.6257676482200623 0.5510134100914001 0.6318491697311401 0.5578635931015015 0.6192784905433655 0.6770430207252502 0.6269630193710327 0.793286144733429 0.6257676482200623 0.5510134100914001 0.6234728693962097 0.6664155125617981 0.6503711938858032 0.753357470035553
33 0.6287582516670227 0.3975364714860916 0.6263459324836731 0.5587240755558014 0.6282575130462646 0.5628174543380737 0.6244343519210815 0.554630696773529 0.6282575130462646 0.5628174543380737 0.616672158241272 0.6795943379402161 0.6270899772644043 0.792725145816803 0.6244343519210815 0.554630696773529 0.6201165914535522 0.6667547821998596 0.6417208909988403 0.754170298576355
34 0.626096248626709 0.3966456800699234 0.6233687996864319 0.5580303966999054 0.6273056268692017 0.561944305896759 0.6194319725036621 0.5541164875030518 0.6273056268692017 0.561944305896759 0.6161729097366333 0.6793084740638733 0.6275922060012817 0.7883047461509705 0.6194319725036621 0.5541164875030518 0.612714409828186 0.6629767417907715 0.6351850032806396 0.7543742060661316
35 0.6229149699211121 0.39656253159046173 0.6186321079730988 0.5569785237312317 0.6271945238113403 0.5609102249145508 0.6100696921348572 0.5530468225479126 0.6271945238113403 0.5609102249145508 0.6187921762466431 0.6761487722396851 0.6276467442512512 0.7851117253303528 0.6100696921348572 0.5530468225479126 0.5997263193130493 0.661521315574646 0.6231611967086792 0.7546220421791077
36 0.6201710104942322 0.3963378965854645 0.6169074475765228 0.5570926368236542 0.6264902949333191 0.5604096055030823 0.6073246002197266 0.5537756681442261 0.6264902949333191 0.5604096055030823 0.6196033954620361 0.6729550361633301 0.628425121307373 0.7841442823410034 0.6073246002197266 0.5537756681442261 0.5911628007888794 0.6609607934951782 0.6150787472724915 0.7558832764625549
37 0.6176096200942993 0.3962841033935547 0.6131283044815063 0.5579319596290588 0.6237698197364807 0.5604012608528137 0.602486789226532 0.555462658405304 0.6237698197364807 0.5604012608528137 0.6204508543014526 0.6725069284439087 0.6298267841339111 0.7845028638839722 0.602486789226532 0.555462658405304 0.5855485200881958 0.6612923741340637 0.6025649905204773 0.7622299790382385
38 0.6140787303447723 0.3961559534072876 0.6101156175136566 0.5592617988586426 0.6212849617004395 0.5610238313674927 0.5989462733268738 0.5574997663497925 0.6212849617004395 0.5610238313674927 0.6210323572158813 0.6726613640785217 0.6312746405601501 0.7833506464958191 0.5989462733268738 0.5574997663497925 0.5814197063446045 0.6616605520248413 0.5914994478225708 0.767737090587616
39 0.6102619767189026 0.3961932808160782 0.6074962913990021 0.5596957802772522 0.6187295317649841 0.561168372631073 0.59626305103302 0.5582231879234314 0.6187295317649841 0.561168372631073 0.6203818917274475 0.6727755069732666 0.6315637826919556 0.7830696702003479 0.59626305103302 0.5582231879234314 0.5769492387771606 0.6633164286613464 0.5814846754074097 0.7764306664466858
40 0.6071334183216095 0.3962141126394272 0.6048323214054108 0.5598637461662292 0.6167119145393372 0.5611593723297119 0.5929527282714844 0.5585681200027466 0.6167119145393372 0.5611593723297119 0.6190639138221741 0.6732937693595886 0.6316247582435608 0.7827088832855225 0.5929527282714844 0.5585681200027466 0.5733922719955444 0.6662862300872803 0.5736337900161743 0.7822667360305786
41 0.6040554940700531 0.3964507430791855 0.600709855556488 0.5624041259288788 0.6130967140197754 0.5634598731994629 0.5883229970932007 0.5613483786582947 0.6130967140197754 0.5634598731994629 0.6176072359085083 0.6759334802627563 0.631746768951416 0.7823893427848816 0.5883229970932007 0.5613483786582947 0.5692273378372192 0.6722259521484375 0.565796434879303 0.7881253361701965
42 0.6004399657249451 0.39687156677246094 0.5969820320606232 0.5650905966758728 0.6099583506584167 0.5655990242958069 0.5840057134628296 0.5645821690559387 0.6099583506584167 0.5655990242958069 0.6155253648757935 0.6768974661827087 0.6318231821060181 0.7825264930725098 0.5840057134628296 0.5645821690559387 0.5655931830406189 0.6801192164421082 0.5611120462417603 0.7935565710067749
43 0.5959575176239014 0.39764317870140076 0.5931232273578644 0.568152517080307 0.606109082698822 0.5681225061416626 0.5801373720169067 0.5681825280189514 0.606109082698822 0.5681225061416626 0.6127786040306091 0.6785973906517029 0.6322441697120667 0.7827534079551697 0.5801373720169067 0.5681825280189514 0.5622864961624146 0.6846058368682861 0.5575152635574341 0.7981392741203308
44 0.5910652577877045 0.3981696218252182 0.5890233814716339 0.5715585350990295 0.6016520261764526 0.5714325308799744 0.5763947367668152 0.5716845393180847 0.6016520261764526 0.5714325308799744 0.6097227931022644 0.6802108287811279 0.6325546503067017 0.782580554485321 0.5763947367668152 0.5716845393180847 0.5586270093917847 0.6886847615242004 0.5557984113693237 0.7999516129493713
45 0.5867193043231964 0.3986745774745941 0.5851584672927856 0.570963054895401 0.5976284742355347 0.5709986090660095 0.5726884603500366 0.5709275007247925 0.5976284742355347 0.5709986090660095 0.6051569581031799 0.681145966053009 0.632581353187561 0.7815306186676025 0.5726884603500366 0.5709275007247925 0.5552034378051758 0.6888659596443176 0.5560171008110046 0.7998297214508057
46 0.5823362767696381 0.39965178072452545 0.5796278715133667 0.5711936354637146 0.5920876264572144 0.5711011290550232 0.567168116569519 0.571286141872406 0.5920876264572144 0.5711011290550232 0.5987507700920105 0.6816328167915344 0.6322665810585022 0.7796865701675415 0.567168116569519 0.571286141872406 0.5531107187271118 0.6896260976791382 0.5563610196113586 0.8001212477684021
47 0.5780391693115234 0.3996766656637192 0.5757266879081726 0.5705989003181458 0.588724672794342 0.570624053478241 0.5627287030220032 0.5705737471580505 0.588724672794342 0.570624053478241 0.5933759808540344 0.6838037371635437 0.6313393115997314 0.7771593928337097 0.5627287030220032 0.5705737471580505 0.5527901649475098 0.6885210275650024 0.5567394495010376 0.7995294332504272
48 0.5737583041191101 0.3989940881729126 0.5708785057067871 0.5704298317432404 0.5844529271125793 0.5704269409179688 0.5573040843009949 0.570432722568512 0.5844529271125793 0.5704269409179688 0.5869548320770264 0.6872491836547852 0.6284260153770447 0.7738029360771179 0.5573040843009949 0.570432722568512 0.5516673922538757 0.6876590251922607 0.5571557283401489 0.7996880412101746
49 0.5699803233146667 0.3980257660150528 0.5678026080131531 0.5674988925457001 0.5820527672767639 0.5672155022621155 0.5535524487495422 0.5677822828292847 0.5820527672767639 0.5672155022621155 0.5815168023109436 0.6887862086296082 0.6228733062744141 0.7703830003738403 0.5535524487495422 0.5677822828292847 0.5510717034339905 0.6894263625144958 0.5582795143127441 0.8003609776496887
50 0.5662110447883606 0.3968864381313324 0.5638957619667053 0.5669751167297363 0.5778456926345825 0.5666794180870056 0.5499458312988281 0.567270815372467 0.5778456926345825 0.5666794180870056 0.5741139054298401 0.6903620362281799 0.6160866022109985 0.767870306968689 0.5499458312988281 0.567270815372467 0.551535964012146 0.6915978789329529 0.5587043762207031 0.8007596135139465
51 0.5624107122421265 0.39549416303634644 0.5628040432929993 0.5606484413146973 0.5777920484542847 0.5595759749412537 0.5478160381317139 0.5617209076881409 0.5777920484542847 0.5595759749412537 0.5677450299263 0.6906155347824097 0.6088725328445435 0.7670713663101196 0.5478160381317139 0.5617209076881409 0.5507648587226868 0.6905426979064941 0.5582237243652344 0.8005504012107849
52 0.5588075518608093 0.3942211717367172 0.5593267679214478 0.5597563683986664 0.5745770931243896 0.5591636896133423 0.5440764427185059 0.5603490471839905 0.5745770931243896 0.5591636896133423 0.5639524459838867 0.6919293999671936 0.6023270487785339 0.7675865292549133 0.5440764427185059 0.5603490471839905 0.5492314100265503 0.690965473651886 0.5579327940940857 0.8018296957015991
53 0.5559884011745453 0.39311645925045013 0.5562922954559326 0.5596919357776642 0.5711708664894104 0.5595700144767761 0.5414137244224548 0.5598138570785522 0.5711708664894104 0.5595700144767761 0.5606892108917236 0.692258894443512 0.5961829423904419 0.7760326862335205 0.5414137244224548 0.5598138570785522 0.5476700067520142 0.691874623298645 0.5589417219161987 0.8011552691459656
54 0.5532967746257782 0.3925052583217621 0.5543834269046783 0.5598845481872559 0.5690483450889587 0.5597168803215027 0.539718508720398 0.560052216053009 0.5690483450889587 0.5597168803215027 0.5584931373596191 0.6930814981460571 0.5875144600868225 0.7876763939857483 0.539718508720398 0.560052216053009 0.5470044016838074 0.6919738054275513 0.5596367120742798 0.8007137775421143
55 0.5506019592285156 0.3920351713895798 0.5515508949756622 0.5605035424232483 0.5664243102073669 0.5607773065567017 0.5366774797439575 0.5602297782897949 0.5664243102073669 0.5607773065567017 0.5560678839683533 0.694851279258728 0.57632976770401 0.8003011345863342 0.5366774797439575 0.5602297782897949 0.5464011430740356 0.692112922668457 0.5601588487625122 0.80047607421875
56 0.5479642152786255 0.39153970777988434 0.5486972630023956 0.5613451600074768 0.5636782050132751 0.5624001026153564 0.5337163209915161 0.5602902173995972 0.5636782050132751 0.5624001026153564 0.5534658432006836 0.6985390186309814 0.5678699016571045 0.8112093806266785 0.5337163209915161 0.5602902173995972 0.5457466840744019 0.6930469274520874 0.5603209733963013 0.8002632260322571
57 0.5451793372631073 0.39082203805446625 0.5468690097332001 0.5621330440044403 0.561897337436676 0.5635212659835815 0.5318406820297241 0.5607448220252991 0.561897337436676 0.5635212659835815 0.550568699836731 0.7009171843528748 0.5584020018577576 0.8193070292472839 0.5318406820297241 0.5607448220252991 0.5453858375549316 0.6931001543998718 0.5599578022956848 0.7995747327804565
58 0.5430137515068054 0.39035986363887787 0.5443392097949982 0.5639936923980713 0.5593120455741882 0.5657524466514587 0.5293663740158081 0.5622349381446838 0.5593120455741882 0.5657524466514587 0.5469743013381958 0.702716588973999 0.5514702200889587 0.8276423811912537 0.5293663740158081 0.5622349381446838 0.5445207357406616 0.6951647996902466 0.5585289597511292 0.8043011426925659
59 0.540974348783493 0.39024804532527924 0.5423584580421448 0.5658458471298218 0.5575885772705078 0.5672549605369568 0.5271283388137817 0.5644367337226868 0.5575885772705078 0.5672549605369568 0.5436379909515381 0.7034819722175598 0.5375919342041016 0.8416903018951416 0.5271283388137817 0.5644367337226868 0.5434700846672058 0.6965720653533936 0.5607279539108276 0.79979008436203
60 0.5386824011802673 0.3903026729822159 0.5398384034633636 0.5658150315284729 0.5554848313331604 0.567209005355835 0.5241919755935669 0.5644210577011108 0.5554848313331604 0.567209005355835 0.5397385358810425 0.7024080753326416 0.5266844034194946 0.848610520362854 0.5241919755935669 0.5644210577011108 0.5410335659980774 0.695553183555603 0.5617045760154724 0.7944799661636353
61 0.5370580852031708 0.3906431347131729 0.5365150570869446 0.567311018705368 0.5516350269317627 0.5689947605133057 0.5213950872421265 0.5656272768974304 0.5516350269317627 0.5689947605133057 0.5356571078300476 0.7057571411132812 0.521952748298645 0.8533229231834412 0.5213950872421265 0.5656272768974304 0.5390311479568481 0.696532666683197 0.5625596046447754 0.7925557494163513
62 0.5351271629333496 0.3918011635541916 0.5327042937278748 0.5702807009220123 0.5481854677200317 0.5725463628768921 0.5172231197357178 0.5680150389671326 0.5481854677200317 0.5725463628768921 0.5321931838989258 0.7111167311668396 0.5185749530792236 0.8547037839889526 0.5172231197357178 0.5680150389671326 0.535816490650177 0.7021250128746033 0.5628395080566406 0.7895923256874084
63 0.5333254188299179 0.3934796005487442 0.5283108949661255 0.5746218264102936 0.5442484617233276 0.5770069360733032 0.5123733282089233 0.5722367167472839 0.5442484617233276 0.5770069360733032 0.5292877554893494 0.7154998183250427 0.5196818113327026 0.8557183146476746 0.5123733282089233 0.5722367167472839 0.5285099744796753 0.7090603113174438 0.5621531009674072 0.7862051129341125
64 0.5313402712345123 0.39583563804626465 0.5231773257255554 0.5793254971504211 0.540247917175293 0.5826669931411743 0.5061067342758179 0.575984001159668 0.540247917175293 0.5826669931411743 0.5262723565101624 0.7232130169868469 0.5222331285476685 0.856288492679596 0.5061067342758179 0.575984001159668 0.5205041766166687 0.7157034873962402 0.5571735501289368 0.7802581787109375
65 0.5276989340782166 0.39728058874607086 0.5176521241664886 0.5821301937103271 0.5352462530136108 0.5856744050979614 0.5000579953193665 0.5785859823226929 0.5352462530136108 0.5856744050979614 0.5241247415542603 0.7282413244247437 0.5223768353462219 0.8536774516105652 0.5000579953193665 0.5785859823226929 0.5110636353492737 0.718480110168457 0.5519660711288452 0.7742979526519775
66 0.5239855945110321 0.39884524047374725 0.5145589411258698 0.5860240161418915 0.5324581861495972 0.5886184573173523 0.49665969610214233 0.5834295749664307 0.5324581861495972 0.5886184573173523 0.5232635140419006 0.7327786684036255 0.5240887403488159 0.8513532280921936 0.49665969610214233 0.5834295749664307 0.5017103552818298 0.7242034673690796 0.5454166531562805 0.7734740972518921
67 0.5200476050376892 0.39935964345932007 0.5116334557533264 0.5879193842411041 0.5302872061729431 0.5901061296463013 0.4929797053337097 0.585732638835907 0.5302872061729431 0.5901061296463013 0.5262258052825928 0.7386058568954468 0.5261082649230957 0.8509412407875061 0.4929797053337097 0.585732638835907 0.49554285407066345 0.7288764715194702 0.5309650897979736 0.7717896103858948
68 0.5159386694431305 0.40023714303970337 0.5085132122039795 0.5891288220882416 0.5272393226623535 0.5905704498291016 0.48978710174560547 0.5876871943473816 0.5272393226623535 0.5905704498291016 0.526993453502655 0.7371352910995483 0.5268535017967224 0.8493211269378662 0.48978710174560547 0.5876871943473816 0.4907180666923523 0.729734480381012 0.5244063138961792 0.7903022766113281
69 0.5118352770805359 0.40103907883167267 0.5068405270576477 0.5915353000164032 0.5260466933250427 0.5923405885696411 0.4876343607902527 0.5907300114631653 0.5260466933250427 0.5923405885696411 0.5271559357643127 0.7376919984817505 0.526915967464447 0.848368227481842 0.4876343607902527 0.5907300114631653 0.48684683442115784 0.7300682067871094 0.5128203630447388 0.7921058535575867
70 0.5073137581348419 0.4014020264148712 0.5036957114934921 0.5923838913440704 0.5229943990707397 0.5928655862808228 0.4843970239162445 0.5919021964073181 0.5229943990707397 0.5928655862808228 0.5259138345718384 0.7376977801322937 0.5274084806442261 0.8478720188140869 0.4843970239162445 0.5919021964073181 0.4834287166595459 0.7302992939949036 0.5032763481140137 0.7993173599243164
71 0.5017484724521637 0.4030146896839142 0.499978169798851 0.5962985157966614 0.5191472768783569 0.5970112085342407 0.4808090627193451 0.595585823059082 0.5191472768783569 0.5970112085342407 0.5242868065834045 0.7401809692382812 0.5281628370285034 0.8487416505813599 0.4808090627193451 0.595585823059082 0.47921067476272583 0.7312280535697937 0.4952511787414551 0.8119758367538452
72 0.49668005108833313 0.4051486998796463 0.4966711848974228 0.5986864864826202 0.5161247849464417 0.5987992286682129 0.47721758484840393 0.5985737442970276 0.5161247849464417 0.5987992286682129 0.5234025716781616 0.7409162521362305 0.5284516215324402 0.8484731912612915 0.47721758484840393 0.5985737442970276 0.47793811559677124 0.733154833316803 0.4862101078033447 0.8147651553153992
73 0.49128521978855133 0.4079660475254059 0.49256427586078644 0.6003848016262054 0.5120828151702881 0.5993995070457458 0.4730457365512848 0.601370096206665 0.5120828151702881 0.5993995070457458 0.5233157277107239 0.7422757744789124 0.5287081003189087 0.848372220993042 0.4730457365512848 0.601370096206665 0.47640934586524963 0.7383948564529419 0.4798811376094818 0.8196204304695129
74 0.4845806807279587 0.41270531713962555 0.48950329422950745 0.6019733250141144 0.5085259675979614 0.5995763540267944 0.47048062086105347 0.6043702960014343 0.5085259675979614 0.5995763540267944 0.5231688022613525 0.7422942519187927 0.5285833477973938 0.8481999039649963 0.47048062086105347 0.6043702960014343 0.47495609521865845 0.7430803775787354 0.4740017056465149 0.8305246829986572
75 0.47785572707653046 0.4188227951526642 0.485679030418396 0.6056319773197174 0.5043578147888184 0.6017075181007385 0.46700024604797363 0.6095564365386963 0.5043578147888184 0.6017075181007385 0.5226816534996033 0.7427938580513 0.5276998281478882 0.8480710983276367 0.46700024604797363 0.6095564365386963 0.4750892221927643 0.7513289451599121 0.4727240204811096 0.8364764451980591
76 0.4715083986520767 0.42498117685317993 0.480672150850296 0.6114839315414429 0.4993775486946106 0.6061185002326965 0.46196675300598145 0.6168493628501892 0.4993775486946106 0.6061185002326965 0.5219954252243042 0.7449312210083008 0.5268487334251404 0.8492065668106079 0.46196675300598145 0.6168493628501892 0.47528988122940063 0.7601457238197327 0.4725421369075775 0.8320215940475464
77 0.46539075672626495 0.432145357131958 0.47490355372428894 0.6179966032505035 0.49337077140808105 0.6117621064186096 0.4564363360404968 0.6242311000823975 0.49337077140808105 0.6117621064186096 0.5208922624588013 0.7461827397346497 0.5265679359436035 0.8497898578643799 0.4564363360404968 0.6242311000823975 0.47498607635498047 0.7649531960487366 0.4717191755771637 0.8357616066932678
78 0.4589724540710449 0.4413839280605316 0.46911337971687317 0.6254182159900665 0.4874691963195801 0.6181751489639282 0.45075756311416626 0.6326612830162048 0.4874691963195801 0.6181751489639282 0.5206414461135864 0.7470251321792603 0.526642918586731 0.8508720397949219 0.45075756311416626 0.6326612830162048 0.47551092505455017 0.773537278175354 0.4732370972633362 0.8313804864883423
79 0.45194384455680847 0.45095205307006836 0.46271996200084686 0.6341670155525208 0.4811859130859375 0.6257839202880859 0.4442540109157562 0.6425501108169556 0.4811859130859375 0.6257839202880859 0.5202762484550476 0.7485281229019165 0.526138186454773 0.8509684801101685 0.4442540109157562 0.6425501108169556 0.4754377007484436 0.7799776792526245 0.47351008653640747 0.8289435505867004
80 0.44549158215522766 0.46264421939849854 0.4574793577194214 0.6430602371692657 0.47617554664611816 0.6339607238769531 0.4387831687927246 0.6521597504615784 0.47617554664611816 0.6339607238769531 0.5197914838790894 0.7510882019996643 0.5259811282157898 0.8509979248046875 0.4387831687927246 0.6521597504615784 0.4758620262145996 0.7831317186355591 0.47255319356918335 0.8275762796401978
81 0.4386882334947586 0.474748432636261 0.4516075551509857 0.6530813872814178 0.4704000949859619 0.6433827877044678 0.4328150153160095 0.6627799868583679 0.4704000949859619 0.6433827877044678 0.518685519695282 0.7529154419898987 0.5264591574668884 0.852188766002655 0.4328150153160095 0.6627799868583679 0.47629696130752563 0.7893078327178955 0.4700462818145752 0.8270018696784973
82 0.4310893565416336 0.48911330103874207 0.44535093009471893 0.6635833084583282 0.4634166657924652 0.6541396379470825 0.42728519439697266 0.673026978969574 0.4634166657924652 0.6541396379470825 0.5157690644264221 0.7538074254989624 0.5267656445503235 0.852628231048584 0.42728519439697266 0.673026978969574 0.47646164894104004 0.7975514531135559 0.47138866782188416 0.8265551328659058
83 0.4234965592622757 0.5038563013076782 0.4396941214799881 0.6743248105049133 0.45677852630615234 0.6636679172515869 0.42260971665382385 0.6849817037582397 0.45677852630615234 0.6636679172515869 0.5138311386108398 0.7549684047698975 0.5267015695571899 0.8527408242225647 0.42260971665382385 0.6849817037582397 0.4766682982444763 0.800114631652832 0.47263795137405396 0.8162527084350586
84 0.4150119423866272 0.5183865129947662 0.43375837802886963 0.6852113008499146 0.450552374124527 0.6736508011817932 0.4169643819332123 0.6967718005180359 0.450552374124527 0.6736508011817932 0.5102432370185852 0.7542498111724854 0.5264678597450256 0.8526690006256104 0.4169643819332123 0.6967718005180359 0.4768511652946472 0.7983703017234802 0.4788694381713867 0.8130334615707397
85 0.40604496002197266 0.53398597240448 0.42645402252674103 0.6990068256855011 0.4438554346561432 0.6868101954460144 0.40905261039733887 0.7112034559249878 0.4438554346561432 0.6868101954460144 0.5085214972496033 0.7555841207504272 0.5262971520423889 0.852445125579834 0.40905261039733887 0.7112034559249878 0.47632303833961487 0.8006200790405273 0.4803617596626282 0.8135594725608826
86 0.39497311413288116 0.5516769289970398 0.42155326902866364 0.7120623588562012 0.4386581778526306 0.6982235908508301 0.40444836020469666 0.7259011268615723 0.4386581778526306 0.6982235908508301 0.5033533573150635 0.755088210105896 0.5272222757339478 0.8528900146484375 0.40444836020469666 0.7259011268615723 0.47309789061546326 0.7975326776504517 0.46984511613845825 0.8008692264556885
87 0.3836113214492798 0.5738160014152527 0.4119396358728409 0.727525919675827 0.430438369512558 0.7152692079544067 0.3934409022331238 0.7397826313972473 0.430438369512558 0.7152692079544067 0.49899712204933167 0.7550252079963684 0.528911292552948 0.8527184128761292 0.3934409022331238 0.7397826313972473 0.4379437565803528 0.7918732762336731 0.45185065269470215 0.7937393188476562
88 0.3711473047733307 0.5920749008655548 0.40629781782627106 0.7376148402690887 0.42376551032066345 0.7215061783790588 0.38883012533187866 0.7537235021591187 0.42376551032066345 0.7215061783790588 0.4952079653739929 0.7544097900390625 0.5334230661392212 0.852238118648529 0.38883012533187866 0.7537235021591187 0.4456501603126526 0.7886154055595398 0.46651893854141235 0.8119598627090454
89 0.35933341085910797 0.6096380352973938 0.40301258862018585 0.7453640699386597 0.41741546988487244 0.7266201376914978 0.38860970735549927 0.7641080021858215 0.41741546988487244 0.7266201376914978 0.487912654876709 0.751680314540863 0.5377755165100098 0.8485221862792969 0.38860970735549927 0.7641080021858215 0.45623230934143066 0.7767809629440308 0.4780190587043762 0.8296223878860474
90 0.35050269961357117 0.6229989230632782 0.4006907343864441 0.7454110383987427 0.41476917266845703 0.7261180281639099 0.38661229610443115 0.7647040486335754 0.41476917266845703 0.7261180281639099 0.4863033890724182 0.7496824264526367 0.540244460105896 0.8388715982437134 0.38661229610443115 0.7647040486335754 0.46167388558387756 0.7737559080123901 0.48754605650901794 0.8306983113288879
91 0.33840039372444153 0.6356822550296783 0.39466148614883423 0.7534611821174622 0.4081302583217621 0.7294358015060425 0.38119271397590637 0.7774865627288818 0.4081302583217621 0.7294358015060425 0.48202794790267944 0.7434594035148621 0.5412302613258362 0.8250294923782349 0.38119271397590637 0.7774865627288818 0.4637886881828308 0.7626484632492065 0.4984375536441803 0.8344525098800659
92 0.32820481061935425 0.6490057110786438 0.3854774683713913 0.7501513063907623 0.399314820766449 0.725860059261322 0.3716401159763336 0.7744425535202026 0.399314820766449 0.725860059261322 0.4786767065525055 0.7332849502563477 0.5410317778587341 0.8082831501960754 0.3716401159763336 0.7744425535202026 0.45928794145584106 0.7600943446159363 0.5114585161209106 0.8382134437561035
93 0.3169916719198227 0.6551785469055176 0.38229186832904816 0.744327574968338 0.3935006558895111 0.7194268703460693 0.3710830807685852 0.7692282795906067 0.3935006558895111 0.7194268703460693 0.4751746654510498 0.7240018248558044 0.5417919754981995 0.7899774312973022 0.3710830807685852 0.7692282795906067 0.45959705114364624 0.7624327540397644 0.5203933119773865 0.8349460959434509
94 0.3089137226343155 0.6671215891838074 0.3805164247751236 0.7420170307159424 0.39017507433891296 0.715912401676178 0.37085777521133423 0.7681216597557068 0.39017507433891296 0.715912401676178 0.46870914101600647 0.7108194828033447 0.540651261806488 0.7704986333847046 0.37085777521133423 0.7681216597557068 0.45152536034584045 0.7588615417480469 0.5174798369407654 0.8316487073898315
95 0.3016973286867142 0.6779983639717102 0.380992129445076 0.7410018146038055 0.3885498344898224 0.714377760887146 0.3734344244003296 0.7676258683204651 0.3885498344898224 0.714377760887146 0.4650017321109772 0.7025788426399231 0.5401300191879272 0.7462425827980042 0.3734344244003296 0.7676258683204651 0.45208844542503357 0.7550299763679504 0.5200127959251404 0.816001296043396
96 0.2983132600784302 0.6843126118183136 0.38093894720077515 0.7361210286617279 0.38705652952194214 0.7086264491081238 0.37482136487960815 0.763615608215332 0.38705652952194214 0.7086264491081238 0.45991939306259155 0.6814985871315002 0.5361681580543518 0.7216967344284058 0.37482136487960815 0.763615608215332 0.4529908299446106 0.7545828223228455 0.5207865238189697 0.8009614944458008
97 0.29597799479961395 0.6895066499710083 0.38320164382457733 0.7315610945224762 0.38863664865493774 0.7018206715583801 0.3777666389942169 0.7613015174865723 0.38863664865493774 0.7018206715583801 0.4552032947540283 0.6607592105865479 0.52958744764328 0.6990020871162415 0.3777666389942169 0.7613015174865723 0.4532086253166199 0.7483225464820862 0.5185674428939819 0.7818859815597534
98 0.2936491221189499 0.6914509534835815 0.3829725831747055 0.7264758944511414 0.3867567777633667 0.6923262476921082 0.3791883885860443 0.7606255412101746 0.3867567777633667 0.6923262476921082 0.45017609000205994 0.6425026655197144 0.5234132409095764 0.6761214137077332 0.3791883885860443 0.7606255412101746 0.45133456587791443 0.7459158897399902 0.5165143013000488 0.76493901014328
99 0.29243411123752594 0.6949175000190735 0.38161249458789825 0.7215636372566223 0.38362911343574524 0.6850278377532959 0.37959587574005127 0.7580994367599487 0.38362911343574524 0.6850278377532959 0.44360560178756714 0.629811704158783 0.5171037912368774 0.6555531024932861 0.37959587574005127 0.7580994367599487 0.4452788233757019 0.7458401918411255 0.5141604542732239 0.7475372552871704
100 0.2902804762125015 0.6959453523159027 0.3815312534570694 0.7180034816265106 0.3829886317253113 0.6822611689567566 0.3800738751888275 0.7537457942962646 0.3829886317253113 0.6822611689567566 0.4391726851463318 0.6193199157714844 0.5109899044036865 0.6317071914672852 0.3800738751888275 0.7537457942962646 0.44445744156837463 0.7427078485488892 0.5125600099563599 0.7305864691734314
101 0.28961437940597534 0.6950719952583313 0.3816733956336975 0.7153721451759338 0.3831302523612976 0.6794503331184387 0.3802165389060974 0.751293957233429 0.3831302523612976 0.6794503331184387 0.43401747941970825 0.6108988523483276 0.5065407156944275 0.6083833575248718 0.3802165389060974 0.751293957233429 0.4400363862514496 0.741517961025238 0.507095217704773 0.7152027487754822
102 0.28883855044841766 0.6947837471961975 0.38141191005706787 0.715872049331665 0.3825807273387909 0.6807366013526917 0.38024309277534485 0.7510074973106384 0.3825807273387909 0.6807366013526917 0.427455335855484 0.6033741235733032 0.5054413080215454 0.5905516743659973 0.38024309277534485 0.7510074973106384 0.4355964660644531 0.7416169047355652 0.5052121877670288 0.7014891505241394
103 0.289029061794281 0.6958371996879578 0.3810194283723831 0.7164703607559204 0.3815366327762604 0.6819885969161987 0.38050222396850586 0.7509521245956421 0.3815366327762604 0.6819885969161987 0.42310649156570435 0.5992336869239807 0.5003103017807007 0.5756261348724365 0.38050222396850586 0.7509521245956421 0.43334707617759705 0.7419862747192383 0.5029724836349487 0.693246603012085
104 0.2877366691827774 0.6974777281284332 0.3801523596048355 0.7161709070205688 0.37971192598342896 0.6823124885559082 0.38059279322624207 0.7500293254852295 0.37971192598342896 0.6823124885559082 0.4192008376121521 0.5963946580886841 0.4955380856990814 0.5618427991867065 0.38059279322624207 0.7500293254852295 0.4354674816131592 0.7409011721611023 0.5014899373054504 0.6832325458526611
105 0.28843118250370026 0.6969044506549835 0.38051895797252655 0.7165147066116333 0.38002505898475647 0.6832152605056763 0.38101285696029663 0.7498141527175903 0.38002505898475647 0.6832152605056763 0.4136101305484772 0.5939963459968567 0.49105000495910645 0.554269015789032 0.38101285696029663 0.7498141527175903 0.4357837736606598 0.7400065660476685 0.5008939504623413 0.6760097146034241
106 0.28991228342056274 0.6971789300441742 0.3805227130651474 0.7167313694953918 0.3800113797187805 0.6838238835334778 0.3810340464115143 0.7496388554573059 0.3800113797187805 0.6838238835334778 0.4087410569190979 0.5959089398384094 0.4869183599948883 0.5512667894363403 0.3810340464115143 0.7496388554573059 0.4313552975654602 0.7400861978530884 0.4999459385871887 0.6741238236427307
107 0.2903197109699249 0.6958768963813782 0.38067686557769775 0.7168235182762146 0.380008339881897 0.6841053366661072 0.38134539127349854 0.749541699886322 0.380008339881897 0.6841053366661072 0.4071483016014099 0.5958631634712219 0.48458871245384216 0.5481442809104919 0.38134539127349854 0.749541699886322 0.4288894534111023 0.7406254410743713 0.5001655220985413 0.6728261113166809
108 0.29145632684230804 0.6947965323925018 0.38107815384864807 0.7167724370956421 0.38048651814460754 0.6841751337051392 0.3816697895526886 0.749369740486145 0.38048651814460754 0.6841751337051392 0.4062095284461975 0.5958319306373596 0.48406726121902466 0.547569215297699 0.3816697895526886 0.749369740486145 0.4242330491542816 0.7412424087524414 0.5002390742301941 0.6745852828025818
109 0.2927008867263794 0.6941062211990356 0.38159652054309845 0.7156629264354706 0.3809245526790619 0.6830664277076721 0.382268488407135 0.748259425163269 0.3809245526790619 0.6830664277076721 0.40555015206336975 0.5960345268249512 0.48330816626548767 0.550530195236206 0.382268488407135 0.748259425163269 0.41908931732177734 0.7443171739578247 0.5004425048828125 0.67774498462677
110 0.2949531227350235 0.6938758194446564 0.3823327124118805 0.7155984044075012 0.3811933398246765 0.6830174922943115 0.3834720849990845 0.7481793165206909 0.3811933398246765 0.6830174922943115 0.4054167866706848 0.5979174971580505 0.48486804962158203 0.5536184310913086 0.3834720849990845 0.7481793165206909 0.4202394485473633 0.74623042345047 0.500495195388794 0.6832711100578308
111 0.29734134674072266 0.6932634711265564 0.3826427310705185 0.7156334817409515 0.3812447190284729 0.6830704808235168 0.3840407431125641 0.7481964826583862 0.3812447190284729 0.6830704808235168 0.40607190132141113 0.5993437170982361 0.4861682951450348 0.5577802658081055 0.3840407431125641 0.7481964826583862 0.41950201988220215 0.7497947812080383 0.5017158389091492 0.6839725375175476
112 0.2987590879201889 0.6913782060146332 0.3833468407392502 0.7157082855701447 0.38206416368484497 0.6831197142601013 0.3846295177936554 0.748296856880188 0.38206416368484497 0.6831197142601013 0.40662866830825806 0.6007930040359497 0.4875740110874176 0.562950074672699 0.3846295177936554 0.748296856880188 0.4193643033504486 0.7546160221099854 0.502820611000061 0.6936030983924866
113 0.30090101063251495 0.6897803246974945 0.3841177225112915 0.7154484391212463 0.38308969140052795 0.6826215386390686 0.38514575362205505 0.7482753396034241 0.38308969140052795 0.6826215386390686 0.4071008265018463 0.6038145422935486 0.4881739020347595 0.5681352615356445 0.38514575362205505 0.7482753396034241 0.41880926489830017 0.7636343836784363 0.5053271651268005 0.7071061134338379
114 0.30194248259067535 0.6895369589328766 0.3848007768392563 0.7154628932476044 0.3840050995349884 0.682640016078949 0.38559645414352417 0.7482857704162598 0.3840050995349884 0.682640016078949 0.4078896641731262 0.611956000328064 0.49026328325271606 0.5849003195762634 0.38559645414352417 0.7482857704162598 0.41925501823425293 0.7718003988265991 0.506748616695404 0.7214982509613037
115 0.30110402405261993 0.689048558473587 0.38506296277046204 0.715566873550415 0.3845730423927307 0.6828413605690002 0.38555288314819336 0.7482923865318298 0.3845730423927307 0.6828413605690002 0.40867725014686584 0.6172052025794983 0.49490779638290405 0.6008650660514832 0.38555288314819336 0.7482923865318298 0.42030954360961914 0.7793692946434021 0.508675217628479 0.7361907362937927
116 0.3006232976913452 0.689510703086853 0.3851214200258255 0.7176940739154816 0.38470155000686646 0.6848942637443542 0.38554129004478455 0.7504938840866089 0.38470155000686646 0.6848942637443542 0.4110644459724426 0.6354729533195496 0.4975389540195465 0.6176320910453796 0.38554129004478455 0.7504938840866089 0.42166417837142944 0.7867714762687683 0.5095564126968384 0.7508022785186768
117 0.30064035952091217 0.6895029544830322 0.38538889586925507 0.7177939116954803 0.385273814201355 0.6849042177200317 0.38550397753715515 0.750683605670929 0.385273814201355 0.6849042177200317 0.41305011510849 0.6489830613136292 0.4975647032260895 0.6313172578811646 0.38550397753715515 0.750683605670929 0.42508944869041443 0.7916834354400635 0.5122166872024536 0.7627245783805847
118 0.3010285943746567 0.6894130706787109 0.3859325349330902 0.7179921269416809 0.38637983798980713 0.6849693655967712 0.3854852318763733 0.7510148882865906 0.38637983798980713 0.6849693655967712 0.43226009607315063 0.651860773563385 0.50617516040802 0.6506235599517822 0.3854852318763733 0.7510148882865906 0.4314565062522888 0.7969614863395691 0.5138720870018005 0.7747939229011536
119 0.3009811341762543 0.6893118023872375 0.3864193707704544 0.7185154855251312 0.3872731029987335 0.6851186156272888 0.3855656385421753 0.7519123554229736 0.3872731029987335 0.6851186156272888 0.4343302845954895 0.6632073521614075 0.5112227201461792 0.6699907779693604 0.3855656385421753 0.7519123554229736 0.4359908998012543 0.8027870059013367 0.5150291919708252 0.7889072895050049
120 0.3011471778154373 0.6893693506717682 0.3874918222427368 0.7192130088806152 0.38897615671157837 0.6852516531944275 0.38600748777389526 0.753174364566803 0.38897615671157837 0.6852516531944275 0.42889267206192017 0.6775045394897461 0.5106655359268188 0.6912316679954529 0.38600748777389526 0.753174364566803 0.43524855375289917 0.810268759727478 0.5153220295906067 0.8005132675170898
121 0.30106601119041443 0.6891155540943146 0.3882933109998703 0.7204119861125946 0.3902602791786194 0.6863662600517273 0.3863263428211212 0.7544577121734619 0.3902602791786194 0.6863662600517273 0.4335731565952301 0.6836895942687988 0.5129337310791016 0.7082813382148743 0.3863263428211212 0.7544577121734619 0.4354117512702942 0.8112732768058777 0.5163020491600037 0.80731600522995
122 0.30188247561454773 0.688912570476532 0.38966381549835205 0.7221918106079102 0.39223259687423706 0.6880093216896057 0.38709503412246704 0.7563742995262146 0.39223259687423706 0.6880093216896057 0.43866753578186035 0.6890442967414856 0.5166933536529541 0.7223707437515259 0.38709503412246704 0.7563742995262146 0.4370085299015045 0.8095129132270813 0.5169970989227295 0.8106908798217773
123 0.30265773832798004 0.6888847053050995 0.3915579617023468 0.7243933081626892 0.3946017622947693 0.6900903582572937 0.3885141611099243 0.7586962580680847 0.3946017622947693 0.6900903582572937 0.4401412606239319 0.6957110166549683 0.5209311246871948 0.7380562424659729 0.3885141611099243 0.7586962580680847 0.4392392635345459 0.8094612956047058 0.5178921222686768 0.8143605589866638
124 0.30316467583179474 0.6888647973537445 0.39260467886924744 0.7261171042919159 0.39602190256118774 0.6924673914909363 0.38918745517730713 0.7597668170928955 0.39602190256118774 0.6924673914909363 0.44204145669937134 0.7011526823043823 0.521244466304779 0.7485039830207825 0.38918745517730713 0.7597668170928955 0.4413633346557617 0.809344470500946 0.5181325674057007 0.8157864212989807
125 0.3035336285829544 0.6888186037540436 0.3933798521757126 0.7270479500293732 0.39709892868995667 0.6937140822410583 0.3896607756614685 0.760381817817688 0.39709892868995667 0.6937140822410583 0.4432271420955658 0.7038938403129578 0.5227815508842468 0.7582373023033142 0.3896607756614685 0.760381817817688 0.44012945890426636 0.8084276914596558 0.5183812975883484 0.814385712146759
126 0.30409063398838043 0.6886506676673889 0.393711119890213 0.7273142337799072 0.3975435495376587 0.6941884160041809 0.38987869024276733 0.7604400515556335 0.3975435495376587 0.6941884160041809 0.4442821145057678 0.7047614455223083 0.5249366760253906 0.7649698257446289 0.38987869024276733 0.7604400515556335 0.4393904209136963 0.8082922101020813 0.5183680653572083 0.8139820694923401
127 0.3046489953994751 0.6883021891117096 0.39413896203041077 0.7272385656833649 0.3981664180755615 0.6942737698554993 0.39011150598526 0.7602033615112305 0.3981664180755615 0.6942737698554993 0.4469757080078125 0.7049034833908081 0.5259297490119934 0.767823338508606 0.39011150598526 0.7602033615112305 0.43918323516845703 0.8076335191726685 0.5183318257331848 0.8134147524833679
